29 11 49 28 48 35 27 26 6 5 2 4 12 1 19 40 14 39 33 16 15 41 43 25 18 42 44 37 9 0 21 36 46 38 34 45 17 50 22 3 30 20 31 23 13 10 32 8 47 24

41 20 0 28 37 31 40 14 21 38 34 46 50 49 36 16 25 26 11 39 8 13 44 23 30 32 17 5 7 42 35 2 24 33 19 18 22 27 1 9 48 6 12 43 47 29 10 4 3 45

10 13 1 5 20 16 2 30 7 21 25 34 40 39 3 8 19 29 50 38 46 26 44 17 18 9 32 49 42 15 23 36 0 14 31 33 45 28 22 12 35 6 4 27 37 24 43 41 47 11

30 0 5 39 12 24 10 33 21 4 6 15 38 1 27 7 11 23 18 37 47 36 22 25 20 3 48 19 17 49 44 42 8 9 35 50 29 2 46 16 34 40 28 13 14 26 32 45 43 31

14 41 43 0 49 40 10 50 23 34 15 16 26 2 48 44 36 35 46 28 17 22 20 6 39 18 12 7 5 47 29 45 1 24 25 37 21 33 3 4 27 30 32 38 11 19 31 13 9 8

21 34 1 20 38 13 39 8 16 10 12 32 22 29 49 31 37 33 7 27 48 25 45 14 0 28 15 41 17 46 23 9 3 35 24 50 2 30 47 11 19 5 4 43 36 26 42 44 6 18

37 18 23 36 27 26 20 7 14 0 28 3 34 24 33 39 13 22 32 48 5 19 30 6 29 10 43 50 49 1 47 9 41 16 31 12 21 4 45 44 40 8 2 42 38 35 46 11 15 25

39 30 34 21 35 24 4 46 1 25 16 20 31 6 40 5 48 44 37 38 43 28 2 8 3 9 49 29 23 45 47 41 32 36 0 50 17 18 19 26 22 12 33 7 15 42 10 27 14 11

33 8 17 11 0 3 10 29 13 26 36 40 20 32 28 15 25 43 46 39 22 2 37 35 24 34 49 9 1 19 31 4 23 5 14 42 27 45 41 44 21 18 38 7 47 50 16 6 30 48